Sentiment:
Polarity:0.21961152882205512
Subjectiviy:0.549812030075188