Sentiment:
Polarity:0.17827380952380953
Subjectiviy:0.5078869047619048